K-means clustering with 3 clusters of sizes 256, 331, 237

> kmeans_data$centers
        Comp       Circ     D.Circ       Rad.Ra Pr.Axis.Ra   Max.L.Ra    Scat.Ra
1  1.1672551  1.1913560  1.2226654  1.061855474  0.2398399  0.6675158  1.3141094
2 -0.2324797 -0.5226347 -0.2851558 -0.002041173  0.3625937 -0.1440161 -0.4446806
3 -0.9361458 -0.5569412 -0.9224294 -1.144132376 -0.7654747 -0.5198934 -0.7984081
       Elong Pr.Axis.Rect Max.L.Rect Sc.Var.Maxis Sc.Var.maxis     Ra.Gyr  Skew.Maxis
1 -1.2220251    1.3199740  1.1102132    1.2689258    1.3291991  1.0980640 -0.08461041
2  0.3064563   -0.4736786 -0.4874626   -0.3936680   -0.4533218 -0.5482611 -0.66286263
3  0.8919890   -0.7642435 -0.5184154   -0.8208477   -0.8026391 -0.4203797  1.01716369
   Skew.maxis  Kurt.maxis  Kurt.Maxis    Holl.Ra
1  0.16667482  0.27331007  0.01515673  0.2044549
2 -0.06083852 -0.01874875  0.75780956  0.6641968
3 -0.09506837 -0.26903603 -1.07474720 -1.1484793

> kmeans_data$cluster
  [1] 2 2 1 2 1 2 2 2 2 2 2 2 2 2 1 3 2 1 1 3 3 2 2 1 2 3 1 1 3 2 2 2 1 2 2 3 1 3 1 3 3
 [42] 2 3 3 3 3 2 3 2 1 2 1 2 2 3 1 3 1 3 3 3 2 3 3 1 2 1 1 1 2 3 2 1 2 3 1 3 3 1 2 3 2
 [83] 2 3 2 3 1 2 1 2 3 1 3 3 1 3 2 2 3 1 1 1 3 3 2 2 2 3 3 3 2 1 1 3 2 3 3 2 2 2 3 2 2
[124] 1 1 2 3 1 3 2 3 2 2 3 1 3 2 1 2 2 2 2 1 2 2 1 2 1 2 3 2 2 3 1 2 2 1 1 2 1 3 3 1 1
[165] 2 1 2 2 2 2 2 3 1 3 2 3 1 2 2 2 1 2 1 2 2 1 2 3 1 3 3 3 2 2 1 1 2 2 2 3 3 1 2 2 2
[206] 1 3 2 3 1 3 2 1 3 1 3 3 2 1 2 1 3 3 3 3 1 2 3 2 3 1 3 2 2 3 1 3 3 2 2 1 3 3 1 3 2
[247] 2 1 2 2 1 1 3 2 2 2 1 3 3 2 2 3 3 2 2 2 1 2 3 3 1 2 2 3 3 1 3 2 2 3 1 3 3 2 2 1 2
[288] 1 3 2 2 1 2 2 2 3 2 1 1 1 1 1 2 2 1 3 3 3 2 3 1 1 3 1 2 3 1 3 2 2 2 1 1 3 1 1 3 1
[329] 2 2 2 3 3 1 1 1 1 2 2 2 1 3 2 3 1 2 2 1 2 1 1 1 2 2 3 1 2 3 3 2 2 2 2 2 3 1 1 3 3
[370] 1 3 1 3 1 2 2 2 2 1 3 2 2 2 2 2 2 2 1 2 1 2 1 2 3 3 2 2 2 3 3 2 3 1 2 2 3 2 3 1 2
[411] 3 2 2 1 2 1 2 1 1 3 3 1 2 3 3 2 1 1 3 3 1 1 3 1 1 1 2 2 2 2 2 1 3 3 2 1 2 2 1 2 3
[452] 1 3 3 1 1 2 2 1 1 1 3 1 1 2 2 3 1 1 2 2 3 3 1 2 3 1 1 2 3 1 1 2 1 3 3 1 1 1 3 3 1
[493] 1 1 2 2 1 3 2 1 3 3 1 3 2 2 3 2 1 2 1 1 2 3 2 1 1 3 3 2 1 2 1 1 2 2 2 2 2 3 3 2 2
[534] 1 3 3 2 3 1 2 1 3 3 1 1 2 1 2 2 2 1 2 3 2 1 2 2 3 1 1 1 1 2 3 3 3 1 1 1 2 1 3 2 1
[575] 3 3 3 2 3 2 2 2 2 2 2 2 1 2 2 1 2 2 2 3 1 3 3 2 3 2 2 3 3 1 1 3 2 3 1 2 2 1 2 3 1
[616] 3 1 3 3 2 3 2 1 1 2 1 2 2 3 2 3 1 2 1 3 2 2 2 3 2 3 2 1 2 1 3 2 2 2 2 1 2 3 1 2 1
[657] 2 2 1 3 1 3 2 2 2 3 1 2 3 2 3 1 2 2 1 3 2 3 2 2 3 2 1 1 2 2 1 1 2 3 2 1 1 1 1 2 1
[698] 2 2 1 1 2 1 2 1 2 3 1 2 3 1 1 1 2 3 3 1 1 1 2 1 2 2 1 2 3 2 3 2 1 2 3 2 2 2 3 1 3
[739] 3 3 1 3 1 1 3 2 2 1 2 3 1 1 3 2 2 1 1 1 3 1 2 1 1 3 3 1 3 1 2 3 2 1 1 2 3 2 1 1 2
[780] 2 3 2 2 1 3 2 1 3 3 1 3 2 3 3 3 2 1 1 2 3 1 2 1 1 3 2 1 3 3 2 2 1 3 3 3 2 2 2 2 2
[821] 2 1 2 3

> kmeans_data$tot.withinss
[1] 6624.09

> kmeans_data$betweenss
[1] 8189.91

Within cluster sum of squares by cluster:
[1] 2191.909 2735.763 1696.418
 (between_SS / total_SS =  55.3 %)

